(133, 128, 134)
(205, 191, 191)
(204, 191, 198)
(150, 137, 144)
(206, 191, 186)
(222, 191, 173)
(199, 191, 189)
(202, 191, 195)
(100, 111, 113)
(204, 191, 198)
(207, 191, 191)
(140, 128, 138)
(253, 191, 166)
(112, 106, 108)
(207, 191, 192)
(163, 137, 114)
(158, 147, 151)
(237, 191, 167)
(202, 191, 197)
(165, 137, 134)
(194, 161, 156)
(203, 191, 193)
(198, 161, 142)
(148, 135, 144)
(165, 137, 126)
(199, 161, 160)
(180, 144, 148)
(203, 191, 193)
(157, 127, 139)
(38, 67, 85)
(206, 191, 198)
(204, 191, 198)
(202, 191, 195)
(228, 144, 118)
(203, 191, 191)
(154, 127, 146)
(213, 191, 167)
(150, 135, 142)
(242, 191, 170)
(161, 137, 150)
(206, 191, 194)
(140, 135, 139)
(146, 137, 138)
(203, 191, 195)
(99, 92, 100)
(152, 127, 133)
(207, 191, 191)
(157, 134, 140)
(194, 161, 152)
(202, 191, 195)
(241, 191, 164)
(166, 150, 160)
(204, 191, 198)
(160, 149, 153)
(148, 136, 138)
(175, 134, 128)
(210, 191, 161)
(211, 191, 193)
(192, 161, 166)
(163, 137, 140)
(187, 175, 175)
(95, 98, 103)
(126, 120, 132)
(204, 191, 198)
(237, 191, 165)
(95, 108, 116)
(152, 127, 107)
(130, 128, 133)
(147, 137, 146)
(206, 191, 194)
(245, 191, 157)
(181, 127, 125)
(146, 137, 138)
(102, 90, 100)
(150, 137, 144)
(95, 108, 116)
(203, 191, 193)
(210, 191, 193)
(202, 191, 195)
(214, 191, 185)
(201, 155, 132)
(192, 161, 158)
(140, 127, 134)
(146, 140, 144)
(181, 152, 156)
(193, 165, 141)
(202, 140, 125)
(166, 151, 154)
(122, 116, 116)
(182, 163, 131)
(213, 191, 154)
(107, 108, 110)
(207, 191, 192)
(135, 129, 133)
(199, 191, 189)
(201, 191, 192)
(209, 191, 187)
(144, 129, 134)
(195, 191, 190)
(200, 191, 192)
(237, 191, 175)
(147, 137, 146)
(135, 124, 130)
(242, 191, 172)
(154, 141, 150)
(143, 127, 128)
(203, 191, 191)
(162, 137, 140)
(145, 140, 146)
(198, 191, 198)
(159, 127, 138)
(88, 82, 82)
(202, 191, 195)
(139, 132, 139)
(246, 191, 170)
(129, 128, 134)
(209, 191, 155)
(85, 79, 81)
(208, 191, 197)
(91, 108, 116)
(248, 191, 162)
(201, 191, 190)
(199, 191, 189)
(172, 156, 166)
(156, 136, 147)
(206, 191, 196)
(162, 145, 117)
(191, 163, 160)
(206, 191, 194)
(220, 191, 183)
(201, 191, 199)
(180, 137, 120)
(233, 191, 166)
(220, 191, 183)
(154, 148, 152)
(146, 137, 140)
(114, 115, 119)
(202, 191, 195)
(150, 137, 146)
(199, 161, 160)
(133, 128, 134)
(203, 191, 193)
(203, 191, 191)
(133, 131, 136)
(206, 184, 170)
(130, 128, 133)
(147, 137, 138)
(186, 135, 132)
(229, 191, 172)
(199, 161, 150)
(150, 139, 147)
(183, 171, 173)
(182, 127, 107)
(206, 191, 194)
(110, 100, 99)
(207, 191, 192)
(163, 137, 136)
(199, 161, 138)
(241, 191, 168)
(210, 191, 185)
(241, 191, 168)
(243, 191, 178)
(164, 127, 118)
(203, 191, 195)
(202, 191, 195)
(211, 191, 190)
(106, 116, 128)
(138, 132, 136)
(104, 97, 105)
(247, 191, 166)
(211, 191, 203)
(97, 97, 99)
(202, 191, 185)
(204, 191, 198)
(205, 191, 191)
(164, 149, 152)
(213, 191, 204)
(136, 129, 136)
(103, 106, 111)
(197, 191, 193)
(241, 191, 168)
(197, 191, 195)
(212, 191, 196)
(237, 191, 167)
(134, 132, 135)
(202, 191, 195)
(239, 191, 171)
(192, 161, 156)
(202, 191, 197)
(210, 161, 144)
(146, 137, 142)
(167, 134, 129)
(202, 191, 189)
(233, 187, 164)
(195, 144, 140)
(245, 191, 167)
(212, 161, 132)
(231, 191, 156)
(150, 137, 144)
(198, 163, 167)
(91, 85, 85)
(178, 127, 110)
(185, 136, 139)
(243, 191, 169)
(199, 161, 150)
(227, 191, 179)
(205, 191, 191)
(184, 173, 179)
(125, 120, 127)
(203, 191, 195)
(203, 191, 191)
(227, 191, 169)
(188, 162, 135)
(202, 191, 205)
(153, 127, 110)
(230, 149, 132)
(207, 191, 194)
(200, 191, 186)
(248, 255, 255)
(146, 137, 132)
(148, 127, 134)
(240, 191, 174)
(167, 156, 160)
(236, 191, 170)
(219, 147, 123)
(144, 136, 149)
(203, 191, 195)
(210, 141, 125)
(139, 122, 128)
(201, 191, 190)
(196, 150, 150)
(113, 109, 110)
(201, 191, 192)
(156, 127, 147)
(193, 191, 192)
(207, 191, 192)
(151, 137, 150)
(170, 137, 130)
(116, 114, 125)
(203, 191, 191)
(195, 170, 140)
(117, 121, 130)
(205, 191, 191)
(201, 191, 192)
(216, 191, 186)
(202, 190, 190)
(107, 108, 110)
(133, 128, 134)
(135, 130, 136)
(206, 191, 194)
(109, 110, 115)
(215, 191, 191)
(175, 163, 165)
(195, 161, 162)
(143, 127, 127)
(133, 122, 130)
(191, 127, 125)
(205, 184, 167)
(89, 98, 113)
(146, 137, 138)
(133, 128, 134)
(153, 137, 112)
(205, 191, 190)
(146, 137, 142)
(121, 110, 108)
(243, 191, 169)
(234, 191, 175)
(140, 129, 135)
(134, 131, 138)
(200, 191, 194)
(137, 131, 133)
(133, 128, 134)
(240, 191, 176)
(146, 137, 140)
(106, 109, 114)
(205, 191, 190)
(114, 112, 123)
(201, 191, 192)
(165, 137, 126)
(162, 143, 149)
(212, 191, 200)
(203, 169, 144)
(203, 191, 193)
(114, 110, 109)
(206, 191, 184)
(143, 128, 135)
(142, 127, 130)
(211, 191, 190)
(242, 191, 160)
(181, 169, 171)
(212, 191, 190)
(172, 127, 121)
(156, 145, 153)
(218, 191, 174)
(141, 127, 127)
(95, 109, 118)
(108, 108, 108)
(211, 191, 184)
(203, 191, 191)
(118, 113, 119)
(205, 191, 191)
(163, 151, 155)
(162, 149, 156)
(85, 79, 93)
(214, 191, 159)
(129, 128, 134)
(167, 155, 157)
(202, 191, 189)
(203, 191, 191)
(129, 114, 119)
(134, 131, 138)
(210, 191, 185)
(162, 137, 140)
(131, 128, 139)
(162, 137, 132)
(202, 191, 195)
(248, 191, 164)
(175, 149, 132)
(132, 128, 129)
(140, 128, 132)
(125, 112, 119)
(95, 96, 101)
(201, 191, 190)
(115, 114, 120)
(208, 191, 183)
(197, 191, 193)
(161, 117, 114)
(251, 191, 157)
(150, 137, 144)
(163, 137, 150)
(192, 158, 156)
(195, 127, 114)
(201, 191, 190)
(202, 191, 195)
(174, 163, 169)
(150, 127, 133)
(140, 129, 135)
(241, 191, 168)
(205, 191, 190)
(202, 187, 190)
(96, 99, 104)
(138, 127, 133)
(203, 191, 193)
(216, 191, 186)
(203, 191, 191)
(133, 128, 134)
(238, 191, 181)
(128, 121, 128)
(201, 191, 192)
(200, 158, 134)
(185, 159, 132)
(179, 155, 155)
(95, 98, 113)
(95, 98, 103)
(111, 116, 120)
(202, 191, 189)
(202, 191, 195)
(244, 191, 160)
(168, 127, 133)
(234, 191, 174)
(214, 191, 159)
(125, 113, 127)
(217, 198, 166)
(183, 160, 129)
(138, 115, 123)
(187, 146, 144)
(151, 127, 103)
(180, 159, 166)
(142, 127, 134)
(157, 127, 135)
(137, 132, 138)
(175, 137, 116)
(225, 191, 181)
(204, 191, 182)
(203, 191, 193)
(189, 174, 177)
(171, 133, 144)
(164, 137, 116)
(199, 191, 188)
(245, 191, 167)
(202, 191, 195)
(89, 98, 107)
(206, 191, 196)
(208, 191, 184)
(240, 191, 176)
(197, 143, 156)
(199, 161, 150)
(133, 128, 134)
(152, 137, 144)
(205, 191, 191)
(146, 127, 129)
(164, 137, 128)
(153, 137, 140)
(162, 137, 132)
(127, 122, 126)
(238, 191, 173)
(199, 161, 140)
(115, 115, 125)
(206, 191, 194)
(197, 191, 193)
(201, 191, 190)
(150, 127, 145)
(205, 191, 191)
(215, 191, 181)
(203, 191, 193)
(206, 191, 188)
(126, 120, 120)
(147, 133, 148)
(141, 134, 141)
(202, 191, 197)
(123, 121, 124)
(197, 172, 141)
(156, 149, 156)
(216, 191, 184)
(145, 137, 148)
(237, 191, 168)
(119, 120, 124)
(206, 191, 188)
(145, 138, 145)
(192, 161, 158)
(203, 191, 191)
(203, 191, 191)
(209, 191, 181)
(108, 107, 112)
(157, 128, 132)
(176, 152, 126)
(128, 131, 136)
(135, 128, 135)
(236, 191, 172)
(146, 137, 138)
(191, 166, 136)
(193, 161, 174)
(205, 191, 191)
(101, 106, 109)
(100, 88, 102)
(179, 153, 126)
(176, 138, 117)
(211, 191, 193)
(146, 137, 138)
(202, 191, 195)
(202, 191, 189)
(206, 191, 194)
(68, 64, 78)
(201, 191, 192)
(203, 191, 193)
(139, 127, 129)
(111, 116, 120)
(229, 191, 172)
(203, 168, 164)
(201, 191, 192)
(201, 189, 191)
(241, 191, 166)
(109, 116, 124)
(207, 191, 191)
(153, 137, 114)
(199, 161, 142)
(185, 127, 113)
(240, 191, 161)
(191, 127, 125)
(195, 191, 190)
(94, 103, 112)
(134, 129, 135)
(94, 98, 109)
(151, 140, 146)
(136, 127, 130)
(202, 191, 195)
(245, 191, 165)
(173, 162, 168)
(202, 191, 195)
(147, 137, 148)
(111, 116, 122)
(197, 191, 191)
(103, 89, 88)
(210, 191, 193)
(239, 191, 169)
(195, 191, 192)
(164, 153, 161)
(201, 191, 192)
(138, 127, 125)
(238, 191, 173)
(206, 191, 184)
(161, 127, 128)
(203, 191, 191)
(205, 191, 191)
(203, 191, 195)
(248, 191, 161)
(199, 161, 152)
(160, 145, 152)
(171, 149, 136)
(206, 191, 194)
(210, 191, 159)
(152, 141, 149)
(149, 132, 142)
(151, 139, 141)
(71, 67, 68)
(185, 153, 164)
(253, 191, 152)
(210, 191, 158)
(135, 128, 135)
(202, 191, 195)
(159, 148, 154)
(111, 107, 106)
(95, 98, 105)
(150, 127, 135)
(201, 191, 189)
(158, 138, 139)
(201, 191, 192)
(168, 137, 134)
(143, 136, 143)
(135, 128, 135)
(147, 127, 136)
(201, 191, 190)
(201, 191, 189)
(179, 138, 152)
(133, 132, 138)
(197, 191, 193)
(147, 140, 147)
(195, 140, 145)
(215, 184, 156)
(176, 139, 133)
(137, 127, 126)
(227, 191, 177)
(208, 191, 184)
(208, 191, 197)
(233, 191, 177)
(166, 146, 119)
(206, 191, 194)
(156, 126, 134)
(153, 137, 114)
(209, 191, 189)
(239, 191, 181)
(153, 138, 141)
(195, 127, 116)
(160, 139, 146)
(205, 191, 191)
(160, 127, 144)
(99, 97, 98)
(131, 130, 136)
(173, 127, 138)
(186, 127, 131)
(179, 164, 167)
(212, 191, 160)
(138, 127, 131)
(185, 127, 115)
(170, 137, 130)
(163, 137, 140)
(125, 129, 138)
(205, 191, 190)
(186, 163, 132)
(206, 191, 184)
(138, 131, 138)
(245, 191, 165)
(198, 191, 198)
(207, 201, 201)
(207, 191, 191)
(209, 191, 191)
(210, 191, 159)
(210, 191, 195)
(112, 117, 121)
(203, 191, 191)
(144, 137, 144)
(147, 135, 139)
(162, 137, 132)
(216, 191, 184)
(243, 191, 152)
(215, 163, 139)
(206, 191, 194)
(138, 127, 131)
(242, 191, 172)
(212, 191, 188)
(146, 137, 142)
(197, 157, 165)
(242, 191, 170)
(210, 191, 185)
(205, 191, 190)
(150, 137, 146)
(175, 163, 167)
(203, 191, 195)
(211, 191, 182)
(210, 191, 193)
(147, 137, 136)
(160, 127, 134)
(202, 191, 195)
(175, 127, 141)
(205, 191, 191)
(133, 127, 139)
(139, 127, 131)
(170, 137, 132)
(122, 115, 123)
(202, 164, 141)
(214, 191, 185)
(236, 191, 172)
(210, 191, 187)
(153, 142, 146)
(192, 169, 137)
(95, 108, 116)
(180, 148, 151)
(141, 129, 133)
(213, 191, 203)
(147, 137, 148)
(138, 127, 131)
(210, 191, 184)
(148, 127, 132)
(152, 141, 145)
(204, 191, 198)
(206, 191, 194)
(203, 191, 193)
(228, 191, 172)
(90, 98, 109)
(202, 191, 197)
(188, 127, 108)
(215, 191, 189)
(205, 191, 190)
(203, 191, 193)
(153, 127, 102)
(170, 153, 161)
(95, 98, 107)
(151, 139, 143)
(96, 89, 97)
(159, 127, 138)
(142, 136, 140)
(150, 137, 146)
(201, 190, 196)
(196, 191, 188)
(137, 132, 136)
(204, 160, 133)
(197, 191, 193)
(247, 191, 174)
(235, 191, 166)
(89, 98, 107)
(225, 191, 182)
(137, 131, 135)
(177, 148, 152)
(204, 127, 121)
(151, 140, 146)
(203, 191, 193)
(136, 129, 136)
(112, 109, 116)
(87, 84, 91)
(143, 127, 128)
(157, 141, 151)
(192, 161, 132)
(174, 127, 119)
(167, 146, 153)
(177, 139, 120)
(211, 191, 184)
(206, 191, 188)
(203, 191, 191)
(205, 191, 190)
(209, 191, 189)
(153, 127, 130)
(148, 127, 132)
(205, 191, 190)
(202, 191, 195)
(177, 153, 127)
(201, 191, 192)
(134, 129, 136)
(209, 191, 187)
(144, 125, 127)
(202, 190, 190)
(127, 120, 128)
(206, 191, 196)
(137, 127, 126)
(153, 127, 138)
(131, 128, 135)
(119, 120, 124)
(132, 120, 124)
(94, 98, 107)
(178, 145, 154)
(147, 137, 146)
(212, 191, 162)
(211, 191, 190)
(147, 137, 138)
(205, 191, 191)
(131, 128, 135)
(254, 255, 255)
(174, 162, 166)
(205, 191, 190)
(203, 191, 195)
(203, 191, 191)
(164, 114, 105)
(140, 135, 141)
(202, 191, 197)
(204, 191, 198)
(206, 127, 130)
(204, 155, 141)
(146, 137, 138)
(245, 191, 181)
(242, 191, 164)
(193, 158, 136)
(94, 107, 113)
(154, 141, 150)
(99, 106, 114)
(129, 128, 134)
(191, 155, 133)
(237, 191, 167)
(80, 72, 85)
(148, 127, 126)
(138, 133, 139)
(146, 137, 138)
(131, 127, 118)
(210, 191, 161)
(168, 157, 161)
(142, 127, 132)
(154, 127, 132)
(158, 137, 146)
(157, 127, 135)
(155, 127, 123)
(214, 165, 150)
(153, 147, 151)
(128, 123, 130)
(164, 100, 88)
(207, 191, 191)
(243, 191, 152)
(133, 128, 134)
(203, 191, 193)
(89, 83, 83)
